%YAML:1.0
---
Plot: !!opencv-matrix
   rows: 3
   cols: 3
   dt: d
   data: [ 1., 2., 3., 8.9471299264580004e+00, 1.3732441759109497e+01,
       8.6315501227974885e+00, 9.0140000000000001e+01,
       8.2310000000000002e+01, 9.0510000000000005e+01 ]
Name: MyAdvancedModel
Parent: "E:\\Daten\\Studium\\Module\\Softwareprojekt\\GitHub\\webui\\MyAdvancedModel"
