%YAML:1.0
---
Plot: !!opencv-matrix
   rows: 3
   cols: 2
   dt: d
   data: [ 1., 2., 1.1813177657313645e-01, 6.3396983186248687e-02,
       9.6450000000000003e+01, 9.7980000000000004e+01 ]
Name: MyBeginnerModel
Parent: "E:\\Daten\\Studium\\Module\\Softwareprojekt\\GitHub\\webui\\MyBeginnerModel"
